3 0.91796875 0.675 0.1640625 0.3
2 0.16796875 0.6765625 0.1859375 0.2078125
2 0.30078125 0.6421875 0.046875 0.075
4 0.2625 0.6421875 0.021875 0.0828125
4 0.3796875 0.6484375 0.0171875 0.05625
4 0.34453125 0.6421875 0.0109375 0.046875
2 0.09140625 0.6328125 0.1359375 0.1625
3 0.375 0.6390625 0.03125 0.05625
4 0.39921875 0.6421875 0.0109375 0.0390625
3 0.3921875 0.63359375 0.025 0.05
1 0.23671875 0.5953125 0.0921875 0.1421875
1 0.33203125 0.60703125 0.04375 0.065625
1 0.3578125 0.61328125 0.0078125 0.025