4 0.98046875 0.6890625 0.0390625 0.115625
2 0.52734375 0.6890625 0.0828125 0.1484375
5 0.13203125 0.64453125 0.0640625 0.10625
6 0.03671875 0.628125 0.0734375 0.1375
4 0.090625 0.6453125 0.05 0.065625
4 0.24140625 0.64609375 0.0234375 0.0703125
4 0.171875 0.6546875 0.025 0.0640625
2 0.35859375 0.640625 0.0390625 0.0515625
3 0.28046875 0.6234375 0.021875 0.03125
2 0.3828125 0.63515625 0.009375 0.0265625
2 0.41484375 0.6359375 0.015625 0.03125
3 0.4 0.63515625 0.0234375 0.03125
4 0.8984375 0.68671875 0.03125 0.0828125