6 0.0453125 0.60078125 0.090625 0.4265625
4 0.1421875 0.659375 0.0359375 0.059375
4 0.1734375 0.65859375 0.0171875 0.0578125
2 0.09375 0.64140625 0.0203125 0.0859375
4 0.228125 0.6609375 0.015625 0.0578125
4 0.20390625 0.65078125 0.0171875 0.065625
2 0.203125 0.64140625 0.0640625 0.05
5 0.43984375 0.71328125 0.0765625 0.2453125
4 0.5890625 0.7390625 0.059375 0.2296875
4 0.67578125 0.72109375 0.0515625 0.190625
2 0.52109375 0.66328125 0.046875 0.08125
4 0.4921875 0.675 0.0171875 0.1078125
3 0.54609375 0.6375 0.0109375 0.0265625